0.094679 102
2.447366 1
0.083649 1
0.207877 2
0.000007 9
0.000956 205
0.000146 8
0.000013 94
1.360262 1
0.247774 1
1.269191 1
0.159724 1
0.212086 1
0.467980 1
0.231940 1
0.508064 1
1.205558 2
0.000009 9
0.046860 198
0.004717 8
0.000013 94
2.441032 1
0.059900 1
0.179770 1
0.116643 1
0.127508 1
0.359881 1
0.244187 1
0.232775 1
0.164042 1
0.208062 2
0.000017 9
0.003082 29
0.961209 1
0.151549 1
0.136126 1
0.175813 1
0.224136 1
0.260094 15
0.000005 2
0.056749 29
0.011176 64
0.002705 64
0.030973 66
0.089654 103
0.002171 37
0.124185 81
0.000008 113
0.000017 123
0.000061 478
0.000042 119
0.000146 365
0.000006 243
0.000014 709
0.000070 608
0.000009 1760
0.000061 124
0.000004 121
0.000019 117
0.000016 346
0.000016 236
0.000017 348
0.000122 85
0.000012 43
0.037096 55
0.028778 64
0.018907 103
0.003970 22
0.067395 150
0.029881 106
0.280633 183
0.089650 16
0.032988 70
0.008557 103
0.000040 26
0.000004 104
0.000013 26
0.005262 26
0.013193 26
0.013185 26
0.004268 26
0.008435 26
0.002128 26
0.008222 26
0.002785 26
0.018110 26
0.014362 101
0.011044 52
0.000090 156
0.000086 156
0.008509 30
0.045520 156
0.061084 31
0.006719 156
0.006602 156
0.007608 47
0.323784 20
0.762994 102
0.725104 1
0.215696 1
0.200102 1
0.143768 1
0.941469 1
0.139606 1
0.204015 1
0.219990 1
0.280187 2
0.000012 9
0.000931 17
0.000017 87
0.000025 70
0.000135 8
0.000019 94
4.776178 1
0.119718 1
0.099874 1
0.152885 1
0.168241 1
0.688004 1
0.123915 1
0.124041 1
0.163805 1
0.072231 1
0.291976 2
0.000017 9
0.001248 20
0.000580 20
0.000622 20
0.000405 20
0.000411 20
0.000411 17
0.000300 20
0.000623 8
0.000013 94
3.160534 1
0.159591 1
0.149023 1
0.220254 1
0.188032 1
0.323796 1
0.100075 1
0.528478 4
0.059580 1
0.159830 1
0.672305 1
2.701069 2
0.000013 9
0.001202 74
0.579706 39
0.000041 72
0.001033 391
0.000012 50
0.000017 150
0.000013 150
0.000009 100
0.000007 50
0.000455 2
0.000322 8
0.000014 94
4.108033 1
0.267731 1
0.176027 1
0.092111 1
0.199949 1
0.327917 1
0.179976 1
0.160055 1
0.864278 1
0.351774 1
0.080050 1
0.099911 1
0.147993 1
0.221068 1
0.239959 1
0.608196 1
1.473236 2
0.000016 9
0.000035 46
0.000044 8
0.000011 94
3.420774 1
0.171720 1
0.095943 1
0.135912 1
0.096071 2
0.000005 9
0.000044 6
